local library = loadstring(game:HttpGet("https://raw.githubusercontent.com/naypramx/Ui__Project/Script/XeNonUi", true))()
local CenterHubNo1 = library:CreateWindow("Teleport Hub     --     KingLegacy     --     Premium",Enum.KeyCode.RightControl)
local Tab = CenterHubNo1:CreateTab("Teleport")
local Teleport = Tab:CreateSector("Teleport","left")
Teleport:AddLabel("Island")

Teleport:AddButton("First Island", function()
    game.Players.LocalPlayer.Character.HumanoidRootPart.CFrame = CFrame.new(2141.94019, 50.4100266, -1635.04736, -0.585658193, 1.76042003e-09, 0.81055814, -2.3295863e-08, 1, -1.90039842e-08, -0.81055814, -3.00124903e-08, -0.585658193)
end)

Teleport:AddButton("Marine Island", function()
    game.Players.LocalPlayer.Character.HumanoidRootPart.CFrame = CFrame.new(1706.20886, 39.8382454, 122.685318, 0.921237767, 2.96537266e-08, -0.389000028, -1.11783143e-08, 1, 4.97579471e-08, 0.389000028, -4.14905337e-08, 0.921237767)
end)

Teleport:AddButton("Desert Island", function()
    game.Players.LocalPlayer.Character.HumanoidRootPart.CFrame = CFrame.new(1562.3136, 7.12015104, 1977.97827, 0.669366181, -8.30176319e-08, -0.742932677, 1.38999274e-08, 1, -9.92196121e-08, 0.742932677, 5.60875399e-08, 0.669366181)
end)

Teleport:AddButton("Sky Island", function()
    game.Players.LocalPlayer.Character.HumanoidRootPart.CFrame = CFrame.new(-84.2024689, 200.726837, 3891.45142, 0.137340322, -3.48541995e-08, 0.990523934, 1.50976156e-08, 1, 3.30942918e-08, -0.990523934, 1.04093676e-08, 0.137340322)
end)

Teleport:AddButton("Pirate Island", function()
    game.Players.LocalPlayer.Character.HumanoidRootPart.CFrame = CFrame.new(3426.78711, 37.8184013, -469.867493, -0.475492358, -2.05404138e-08, -0.879719853, -1.09479303e-09, 1, -2.27570727e-08, 0.879719853, -9.8577031e-09, -0.475492358)
end)

Teleport:AddButton("Rock Island", function()
    game.Players.LocalPlayer.Character.HumanoidRootPart.CFrame = CFrame.new(6221.99463, 424.830811, -2050.32178, 0.999982119, 3.81313399e-08, 0.00597543735, -3.82862488e-08, 1, 2.58100243e-08, -0.00597543735, -2.60383413e-08, 0.999982119)
end)

Teleport:AddButton("Stone Arena Island", function()
    game.Players.LocalPlayer.Character.HumanoidRootPart.CFrame = CFrame.new(9456.56055, 37.7465439, -3556.66626, 0.63297689, -7.46893747e-09, -0.774170697, 8.75511645e-08, 1, 6.19358573e-08, 0.774170697, -1.06983506e-07, 0.63297689)
end)

Teleport:AddButton("War Island", function()
    game.Players.LocalPlayer.Character.HumanoidRootPart.CFrame = CFrame.new(6552.50879, 49.6253548, 775.224182, 0.0563887134, -2.90023525e-08, 0.998408914, 1.10619226e-07, 1, 2.2800954e-08, -0.998408914, 1.09157504e-07, 0.0563887134)
end)

Teleport:AddButton("Bubble Island", function()
    game.Players.LocalPlayer.Character.HumanoidRootPart.CFrame = CFrame.new(5805.646, 12.2401972, 3518.90625, -0.351882398, 6.40946425e-08, -0.936044216, 5.52526735e-08, 1, 4.77030859e-08, 0.936044216, -3.49330698e-08, -0.351882398)
end)

Teleport:AddButton("Lobby Island", function()
    game.Players.LocalPlayer.Character.HumanoidRootPart.CFrame = CFrame.new(2995.00537, 13.1149244, 5032.854, -0.0853468627, -7.65347608e-08, 0.996351302, 2.38277948e-08, 1, 7.8856111e-08, -0.996351302, 3.04709751e-08, -0.0853468627)
end)

Teleport:AddButton("Zombie Island", function()
    game.Players.LocalPlayer.Character.HumanoidRootPart.CFrame = CFrame.new(1709.07678, 15.3724813, 6540.80664, 0.869116247, 2.60372346e-08, -0.494607866, 7.02346892e-09, 1, 6.49836949e-08, 0.494607866, -5.99522494e-08, 0.869116247)
end)

local Credit = Tab:CreateSector("Credit","Right")
Credit:AddLabel("Credit")
Credit:AddButton("Owner : !     1Fx_Z#9990")
setclipboard("!     1Fx_Z#9990")

Credit:AddButton("https://discord.gg/xC9ebZpsQf")
setclipboard("https://discord.gg/xC9ebZpsQf")
